a 0.135714
qq 0.132143
123 0.071429
com 0.050000
q 0.028571
2010 0.025000
520 0.025000
w 0.021429
z 0.021429
123456 0.017857
123456789 0.017857
2009 0.017857
2008 0.017857
163 0.014286
521 0.014286
1314 0.014286
wang 0.014286
aa 0.010714
1234 0.010714
li 0.010714
liu 0.010714
s 0.010714
1987 0.010714
007 0.010714
asd 0.010714
zhang 0.010714
l 0.010714
1988 0.010714
001 0.010714
x 0.010714
1989 0.010714
abc 0.010714
11 0.007143
88 0.007143
chen 0.007143
12 0.007143
126 0.007143
as 0.007143
888 0.007143
c 0.007143
12345678 0.007143
111 0.007143
yang 0.007143
12345 0.007143
1986 0.007143
y 0.007143
zx 0.007143
110 0.007143
ly 0.007143
h 0.007143
zy 0.007143
99 0.007143
yy 0.007143
1985 0.007143
1990 0.007143
yu 0.007143
qwe 0.007143
00 0.007143
1984 0.007143
cn 0.007143
