13 0.063457
123 0.048869
23 0.042548
22 0.041575
21 0.041575
12 0.040117
11 0.032336
24 0.031364
88 0.030148
77 0.027960
01 0.026744
09 0.025043
10 0.023584
17 0.023341
99 0.022611
87 0.022125
89 0.020909
33 0.020180
27 0.019451
25 0.018964
08 0.017749
14 0.017505
69 0.016776
86 0.016776
19 0.016290
18 0.015560
28 0.015560
78 0.014345
32 0.014345
16 0.014345
44 0.014102
76 0.013858
07 0.013858
15 0.013615
20 0.012643
85 0.012400
92 0.011913
83 0.011670
26 0.011670
42 0.011670
79 0.011670
55 0.011670
66 0.011427
31 0.011184
06 0.011184
03 0.011184
75 0.011184
81 0.010941
