a 0.112795
qq 0.109556
123 0.057533
com 0.040647
q 0.023096
2010 0.020386
520 0.020074
w 0.018011
z 0.017811
123456 0.015840
123456789 0.014898
2009 0.014451
2008 0.014407
163 0.011593
521 0.011133
1314 0.011116
wang 0.010742
aa 0.010347
1234 0.010069
li 0.010035
liu 0.009687
s 0.008940
1987 0.008754
asd 0.008645
007 0.008641
zhang 0.008445
l 0.008311
1988 0.008254
001 0.007903
x 0.007894
abc 0.007568
1989 0.007538
chen 0.007273
126 0.007069
as 0.007043
11 0.006835
88 0.006774
888 0.006743
c 0.006609
12 0.006544
12345678 0.006496
111 0.006353
yang 0.006218
12345 0.005949
1986 0.005888
y 0.005831
zx 0.005818
110 0.005779
ly 0.005519
h 0.005406
zy 0.005310
yy 0.005033
99 0.004828
1985 0.004811
1990 0.004750
yu 0.004720
qwe 0.004642
1984 0.004572
00 0.004529
cn 0.004481
sun 0.004438
2000 0.004329
lin 0.004316
2006 0.004268
1983 0.004221
zj 0.004186
2007 0.004173
zz 0.004164
b 0.004155
qw 0.004142
m 0.003999
1982 0.003956
01 0.003847
168 0.003838
f 0.003830
love 0.003795
aaa 0.003739
21 0.003717
wy 0.003704
zl 0.003691
d 0.003660
wj 0.003639
cc 0.003543
wei 0.003508
000 0.003469
lj 0.003465
999 0.003452
5201314 0.003443
wu 0.003430
zxc 0.003404
2005 0.003374
xu 0.003339
ww 0.003274
k 0.003265
long 0.003239
huang 0.003226
zhou 0.003187
t 0.003170
g 0.003109
j 0.003105
zh 0.003079
www 0.003031
feng 0.002979
23 0.002970
cs 0.002970
zhao 0.002970
xiao 0.002961
hu 0.002914
22 0.002883
qaz 0.002848
1981 0.002827
zw 0.002814
